beta_chinese = 0.7398629473258139
beta_ethiopian = 0.47607016320852397
beta_french = 0.4901602538830622
beta_indian = 0.8711323391590003
beta_japanese = 1.0173430789451348
beta_korean = 0.8460200697299891
beta_lebanese = 0.5083384000422749
beta_log_dist = -0.6205966147051617
beta_mexican = 1.177089149899137
beta_price = -0.39938804750508633
beta_rating = 0.7467759860400736
