ASC_BM = -1.635754635007577
ASC_EF = 2.426337316771933
ASC_LF = 2.1996571273150405
ASC_MF = 4.084707693159365
B_COST = -3.354166363873162
N_FLAT = 0.5107420406965981
N_MEAS = 0.39341772809688685
