ASC_BM = -0.3782473743029518
ASC_EF = 0.8472983174700837
ASC_LF = 0.8934480719526455
ASC_MF = 1.40550505966867
B_COST = -1.490027908027282
N_FLAT = 2.292431039299412
N_MEAS = 2.0627058364777664
