ASC_BM = -0.7212366576606337
ASC_EF = 0.9991911286094554
ASC_LF = 1.2012543903369428
ASC_MF = 1.7363783641702442
B_COST = -2.026184314300681
