ASC_BM = -0.5676382387692903
ASC_EF = -1.625942896216982
ASC_LF = 0.5702599342408137
ASC_MF = 0.21431675933277744
B_COST = -2.1434547094049736
N_FLAT = 0.33845444457738255
N_MEAS = 1.4141443529541098
a_FLAT_LF = 1.0
